-2.0 -2.0 0.0
-1.8666666666666667 -2.0 0.0
-1.7333333333333334 -2.0 0.0
-1.6 -2.0 0.0
-1.4666666666666668 -2.0 0.0
-1.3333333333333335 -2.0 0.0
-1.2 -2.0 0.0
-1.0666666666666667 -2.0 0.0
-0.9333333333333333 -2.0 0.0
-0.8 -2.0 0.0
-0.6666666666666667 -2.0 0.0
-0.5333333333333334 -2.0 0.0
-0.3999999999999999 -2.0 0.0
-0.2666666666666666 -2.0 0.0
-0.1333333333333333 -2.0 0.0
0.0 -2.0 0.0
0.1333333333333333 -2.0 0.0
0.2666666666666666 -2.0 0.0
0.3999999999999999 -2.0 0.0
0.5333333333333332 -2.0 0.0
0.6666666666666665 -2.0 0.0
0.7999999999999998 -2.0 0.0
0.9333333333333331 -2.0 0.0
1.0666666666666664 -2.0 0.0
1.2000000000000002 -2.0 0.0
1.3333333333333335 -2.0 0.0
1.4666666666666668 -2.0 0.0
1.6 -2.0 0.0
1.7333333333333334 -2.0 0.0
1.8666666666666667 -2.0 0.0
2.0 -2.0 0.0
-2.0 -1.8666666666666667 0.0
-1.8666666666666667 -1.8666666666666667 0.0
-1.7333333333333334 -1.8666666666666667 0.0
-1.6 -1.8666666666666667 0.0
-1.4666666666666668 -1.8666666666666667 0.0
-1.3333333333333335 -1.8666666666666667 0.0
-1.2 -1.8666666666666667 0.0
-1.0666666666666667 -1.8666666666666667 0.0
-0.9333333333333333 -1.8666666666666667 0.0
-0.8 -1.8666666666666667 0.0
-0.6666666666666667 -1.8666666666666667 0.0
-0.5333333333333334 -1.8666666666666667 0.0
-0.3999999999999999 -1.8666666666666667 0.0
-0.2666666666666666 -1.8666666666666667 0.0
-0.1333333333333333 -1.8666666666666667 0.0
0.0 -1.8666666666666667 0.0
0.1333333333333333 -1.8666666666666667 0.0
0.2666666666666666 -1.8666666666666667 0.0
0.3999999999999999 -1.8666666666666667 0.0
0.5333333333333332 -1.8666666666666667 0.0
0.6666666666666665 -1.8666666666666667 0.0
0.7999999999999998 -1.8666666666666667 0.0
0.9333333333333331 -1.8666666666666667 0.0
1.0666666666666664 -1.8666666666666667 0.0
1.2000000000000002 -1.8666666666666667 0.0
1.3333333333333335 -1.8666666666666667 0.0
1.4666666666666668 -1.8666666666666667 0.0
1.6 -1.8666666666666667 0.0
1.7333333333333334 -1.8666666666666667 0.0
1.8666666666666667 -1.8666666666666667 0.0
2.0 -1.8666666666666667 0.0
-2.0 -1.7333333333333334 0.0
-1.8666666666666667 -1.7333333333333334 0.0
-1.7333333333333334 -1.7333333333333334 0.0
-1.6 -1.7333333333333334 0.0
-1.4666666666666668 -1.7333333333333334 0.0
-1.3333333333333335 -1.7333333333333334 0.0
-1.2 -1.7333333333333334 0.0
-1.0666666666666667 -1.7333333333333334 0.0
-0.9333333333333333 -1.7333333333333334 0.0
-0.8 -1.7333333333333334 0.0
-0.6666666666666667 -1.7333333333333334 0.0
-0.5333333333333334 -1.7333333333333334 0.0
-0.3999999999999999 -1.7333333333333334 0.0
-0.2666666666666666 -1.7333333333333334 0.0
-0.1333333333333333 -1.7333333333333334 0.0
0.0 -1.7333333333333334 0.0
0.1333333333333333 -1.7333333333333334 0.0
0.2666666666666666 -1.7333333333333334 0.0
0.3999999999999999 -1.7333333333333334 0.0
0.5333333333333332 -1.7333333333333334 0.0
0.6666666666666665 -1.7333333333333334 0.0
0.7999999999999998 -1.7333333333333334 0.0
0.9333333333333331 -1.7333333333333334 0.0
1.0666666666666664 -1.7333333333333334 0.0
1.2000000000000002 -1.7333333333333334 0.0
1.3333333333333335 -1.7333333333333334 0.0
1.4666666666666668 -1.7333333333333334 0.0
1.6 -1.7333333333333334 0.0
1.7333333333333334 -1.7333333333333334 0.0
1.8666666666666667 -1.7333333333333334 0.0
2.0 -1.7333333333333334 0.0
-2.0 -1.6 0.0
-1.8666666666666667 -1.6 0.0
-1.7333333333333334 -1.6 0.0
-1.6 -1.6 0.0
-1.4666666666666668 -1.6 0.0
-1.3333333333333335 -1.6 0.0
-1.2 -1.6 0.0
-1.0666666666666667 -1.6 0.0
-0.9333333333333333 -1.6 0.0
-0.8 -1.6 0.0
-0.6666666666666667 -1.6 0.0
-0.5333333333333334 -1.6 0.0
-0.3999999999999999 -1.6 0.0
-0.2666666666666666 -1.6 0.0
-0.1333333333333333 -1.6 0.0
0.0 -1.6 0.0
0.1333333333333333 -1.6 0.0
0.2666666666666666 -1.6 0.0
0.3999999999999999 -1.6 0.0
0.5333333333333332 -1.6 0.0
0.6666666666666665 -1.6 0.0
0.7999999999999998 -1.6 0.0
0.9333333333333331 -1.6 0.0
1.0666666666666664 -1.6 0.0
1.2000000000000002 -1.6 0.0
1.3333333333333335 -1.6 0.0
1.4666666666666668 -1.6 0.0
1.6 -1.6 0.0
1.7333333333333334 -1.6 0.0
1.8666666666666667 -1.6 0.0
2.0 -1.6 0.0
-2.0 -1.4666666666666668 0.0
-1.8666666666666667 -1.4666666666666668 0.0
-1.7333333333333334 -1.4666666666666668 0.0
-1.6 -1.4666666666666668 0.0
-1.4666666666666668 -1.4666666666666668 0.0
-1.3333333333333335 -1.4666666666666668 0.0
-1.2 -1.4666666666666668 0.0
-1.0666666666666667 -1.4666666666666668 0.0
-0.9333333333333333 -1.4666666666666668 0.0
-0.8 -1.4666666666666668 0.0
-0.6666666666666667 -1.4666666666666668 0.0
-0.5333333333333334 -1.4666666666666668 0.0
-0.3999999999999999 -1.4666666666666668 0.0
-0.2666666666666666 -1.4666666666666668 0.0
-0.1333333333333333 -1.4666666666666668 0.0
0.0 -1.4666666666666668 0.0
0.1333333333333333 -1.4666666666666668 0.0
0.2666666666666666 -1.4666666666666668 0.0
0.3999999999999999 -1.4666666666666668 0.0
0.5333333333333332 -1.4666666666666668 0.0
0.6666666666666665 -1.4666666666666668 0.0
0.7999999999999998 -1.4666666666666668 0.0
0.9333333333333331 -1.4666666666666668 0.0
1.0666666666666664 -1.4666666666666668 0.0
1.2000000000000002 -1.4666666666666668 0.0
1.3333333333333335 -1.4666666666666668 0.0
1.4666666666666668 -1.4666666666666668 0.0
1.6 -1.4666666666666668 0.0
1.7333333333333334 -1.4666666666666668 0.0
1.8666666666666667 -1.4666666666666668 0.0
2.0 -1.4666666666666668 0.0
-2.0 -1.3333333333333335 0.0
-1.8666666666666667 -1.3333333333333335 0.0
-1.7333333333333334 -1.3333333333333335 0.0
-1.6 -1.3333333333333335 0.0
-1.4666666666666668 -1.3333333333333335 0.0
-1.3333333333333335 -1.3333333333333335 0.0
-1.2 -1.3333333333333335 0.0
-1.0666666666666667 -1.3333333333333335 0.0
-0.9333333333333333 -1.3333333333333335 0.0
-0.8 -1.3333333333333335 0.0
-0.6666666666666667 -1.3333333333333335 0.0
-0.5333333333333334 -1.3333333333333335 0.0
-0.3999999999999999 -1.3333333333333335 0.0
-0.2666666666666666 -1.3333333333333335 0.0
-0.1333333333333333 -1.3333333333333335 0.0
0.0 -1.3333333333333335 0.0
0.1333333333333333 -1.3333333333333335 0.0
0.2666666666666666 -1.3333333333333335 0.0
0.3999999999999999 -1.3333333333333335 0.0
0.5333333333333332 -1.3333333333333335 0.0
0.6666666666666665 -1.3333333333333335 0.0
0.7999999999999998 -1.3333333333333335 0.0
0.9333333333333331 -1.3333333333333335 0.0
1.0666666666666664 -1.3333333333333335 0.0
1.2000000000000002 -1.3333333333333335 0.0
1.3333333333333335 -1.3333333333333335 0.0
1.4666666666666668 -1.3333333333333335 0.0
1.6 -1.3333333333333335 0.0
1.7333333333333334 -1.3333333333333335 0.0
1.8666666666666667 -1.3333333333333335 0.0
2.0 -1.3333333333333335 0.0
-2.0 -1.2 0.0
-1.8666666666666667 -1.2 0.0
-1.7333333333333334 -1.2 0.0
-1.6 -1.2 0.0
-1.4666666666666668 -1.2 0.0
-1.3333333333333335 -1.2 0.0
-1.2 -1.2 0.0
-1.0666666666666667 -1.2 0.0
-0.9333333333333333 -1.2 0.0
-0.8 -1.2 0.0
-0.6666666666666667 -1.2 0.0
-0.5333333333333334 -1.2 0.0
-0.3999999999999999 -1.2 0.0
-0.2666666666666666 -1.2 0.0
-0.1333333333333333 -1.2 0.0
0.0 -1.2 0.0
0.1333333333333333 -1.2 0.0
0.2666666666666666 -1.2 0.0
0.3999999999999999 -1.2 0.0
0.5333333333333332 -1.2 0.0
0.6666666666666665 -1.2 0.0
0.7999999999999998 -1.2 0.0
0.9333333333333331 -1.2 0.0
1.0666666666666664 -1.2 0.0
1.2000000000000002 -1.2 0.0
1.3333333333333335 -1.2 0.0
1.4666666666666668 -1.2 0.0
1.6 -1.2 0.0
1.7333333333333334 -1.2 0.0
1.8666666666666667 -1.2 0.0
2.0 -1.2 0.0
-2.0 -1.0666666666666667 0.0
-1.8666666666666667 -1.0666666666666667 0.0
-1.7333333333333334 -1.0666666666666667 0.0
-1.6 -1.0666666666666667 0.0
-1.4666666666666668 -1.0666666666666667 0.0
-1.3333333333333335 -1.0666666666666667 0.0
-1.2 -1.0666666666666667 0.0
-1.0666666666666667 -1.0666666666666667 0.0
-0.9333333333333333 -1.0666666666666667 0.0
-0.8 -1.0666666666666667 0.0
-0.6666666666666667 -1.0666666666666667 0.0
-0.5333333333333334 -1.0666666666666667 0.0
-0.3999999999999999 -1.0666666666666667 0.0
-0.2666666666666666 -1.0666666666666667 0.0
-0.1333333333333333 -1.0666666666666667 0.0
0.0 -1.0666666666666667 0.0
0.1333333333333333 -1.0666666666666667 0.0
0.2666666666666666 -1.0666666666666667 0.0
0.3999999999999999 -1.0666666666666667 0.0
0.5333333333333332 -1.0666666666666667 0.0
0.6666666666666665 -1.0666666666666667 0.0
0.7999999999999998 -1.0666666666666667 0.0
0.9333333333333331 -1.0666666666666667 0.0
1.0666666666666664 -1.0666666666666667 0.0
1.2000000000000002 -1.0666666666666667 0.0
1.3333333333333335 -1.0666666666666667 0.0
1.4666666666666668 -1.0666666666666667 0.0
1.6 -1.0666666666666667 0.0
1.7333333333333334 -1.0666666666666667 0.0
1.8666666666666667 -1.0666666666666667 0.0
2.0 -1.0666666666666667 0.0
-2.0 -0.9333333333333333 0.0
-1.8666666666666667 -0.9333333333333333 0.0
-1.7333333333333334 -0.9333333333333333 0.0
-1.6 -0.9333333333333333 0.0
-1.4666666666666668 -0.9333333333333333 0.0
-1.3333333333333335 -0.9333333333333333 0.0
-1.2 -0.9333333333333333 0.0
-1.0666666666666667 -0.9333333333333333 0.0
-0.9333333333333333 -0.9333333333333333 0.0
-0.8 -0.9333333333333333 0.0
-0.6666666666666667 -0.9333333333333333 0.0
-0.5333333333333334 -0.9333333333333333 0.0
-0.3999999999999999 -0.9333333333333333 0.0
-0.2666666666666666 -0.9333333333333333 0.0
-0.1333333333333333 -0.9333333333333333 0.0
0.0 -0.9333333333333333 0.0
0.1333333333333333 -0.9333333333333333 0.0
0.2666666666666666 -0.9333333333333333 0.0
0.3999999999999999 -0.9333333333333333 0.0
0.5333333333333332 -0.9333333333333333 0.0
0.6666666666666665 -0.9333333333333333 0.0
0.7999999999999998 -0.9333333333333333 0.0
0.9333333333333331 -0.9333333333333333 0.0
1.0666666666666664 -0.9333333333333333 0.0
1.2000000000000002 -0.9333333333333333 0.0
1.3333333333333335 -0.9333333333333333 0.0
1.4666666666666668 -0.9333333333333333 0.0
1.6 -0.9333333333333333 0.0
1.7333333333333334 -0.9333333333333333 0.0
1.8666666666666667 -0.9333333333333333 0.0
2.0 -0.9333333333333333 0.0
-2.0 -0.8 0.0
-1.8666666666666667 -0.8 0.0
-1.7333333333333334 -0.8 0.0
-1.6 -0.8 0.0
-1.4666666666666668 -0.8 0.0
-1.3333333333333335 -0.8 0.0
-1.2 -0.8 0.0
-1.0666666666666667 -0.8 0.0
-0.9333333333333333 -0.8 0.0
-0.8 -0.8 0.0
-0.6666666666666667 -0.8 0.0
-0.5333333333333334 -0.8 0.0
-0.3999999999999999 -0.8 0.0
-0.2666666666666666 -0.8 0.0
-0.1333333333333333 -0.8 0.0
0.0 -0.8 0.0
0.1333333333333333 -0.8 0.0
0.2666666666666666 -0.8 0.0
0.3999999999999999 -0.8 0.0
0.5333333333333332 -0.8 0.0
0.6666666666666665 -0.8 0.0
0.7999999999999998 -0.8 0.0
0.9333333333333331 -0.8 0.0
1.0666666666666664 -0.8 0.0
1.2000000000000002 -0.8 0.0
1.3333333333333335 -0.8 0.0
1.4666666666666668 -0.8 0.0
1.6 -0.8 0.0
1.7333333333333334 -0.8 0.0
1.8666666666666667 -0.8 0.0
2.0 -0.8 0.0
-2.0 -0.6666666666666667 0.0
-1.8666666666666667 -0.6666666666666667 0.0
-1.7333333333333334 -0.6666666666666667 0.0
-1.6 -0.6666666666666667 0.0
-1.4666666666666668 -0.6666666666666667 0.0
-1.3333333333333335 -0.6666666666666667 0.0
-1.2 -0.6666666666666667 0.0
-1.0666666666666667 -0.6666666666666667 0.0
-0.9333333333333333 -0.6666666666666667 0.0
-0.8 -0.6666666666666667 0.0
-0.6666666666666667 -0.6666666666666667 0.0
-0.5333333333333334 -0.6666666666666667 0.0
-0.3999999999999999 -0.6666666666666667 0.0
-0.2666666666666666 -0.6666666666666667 0.0
-0.1333333333333333 -0.6666666666666667 0.0
0.0 -0.6666666666666667 0.0
0.1333333333333333 -0.6666666666666667 0.0
0.2666666666666666 -0.6666666666666667 0.0
0.3999999999999999 -0.6666666666666667 0.0
0.5333333333333332 -0.6666666666666667 0.0
0.6666666666666665 -0.6666666666666667 0.0
0.7999999999999998 -0.6666666666666667 0.0
0.9333333333333331 -0.6666666666666667 0.0
1.0666666666666664 -0.6666666666666667 0.0
1.2000000000000002 -0.6666666666666667 0.0
1.3333333333333335 -0.6666666666666667 0.0
1.4666666666666668 -0.6666666666666667 0.0
1.6 -0.6666666666666667 0.0
1.7333333333333334 -0.6666666666666667 0.0
1.8666666666666667 -0.6666666666666667 0.0
2.0 -0.6666666666666667 0.0
-2.0 -0.5333333333333334 0.0
-1.8666666666666667 -0.5333333333333334 0.0
-1.7333333333333334 -0.5333333333333334 0.0
-1.6 -0.5333333333333334 0.0
-1.4666666666666668 -0.5333333333333334 0.0
-1.3333333333333335 -0.5333333333333334 0.0
-1.2 -0.5333333333333334 0.0
-1.0666666666666667 -0.5333333333333334 0.0
-0.9333333333333333 -0.5333333333333334 0.0
-0.8 -0.5333333333333334 0.0
-0.6666666666666667 -0.5333333333333334 0.0
-0.5333333333333334 -0.5333333333333334 0.0
-0.3999999999999999 -0.5333333333333334 0.0
-0.2666666666666666 -0.5333333333333334 0.0
-0.1333333333333333 -0.5333333333333334 0.0
0.0 -0.5333333333333334 0.0
0.1333333333333333 -0.5333333333333334 0.0
0.2666666666666666 -0.5333333333333334 0.0
0.3999999999999999 -0.5333333333333334 0.0
0.5333333333333332 -0.5333333333333334 0.0
0.6666666666666665 -0.5333333333333334 0.0
0.7999999999999998 -0.5333333333333334 0.0
0.9333333333333331 -0.5333333333333334 0.0
1.0666666666666664 -0.5333333333333334 0.0
1.2000000000000002 -0.5333333333333334 0.0
1.3333333333333335 -0.5333333333333334 0.0
1.4666666666666668 -0.5333333333333334 0.0
1.6 -0.5333333333333334 0.0
1.7333333333333334 -0.5333333333333334 0.0
1.8666666666666667 -0.5333333333333334 0.0
2.0 -0.5333333333333334 0.0
-2.0 -0.3999999999999999 0.0
-1.8666666666666667 -0.3999999999999999 0.0
-1.7333333333333334 -0.3999999999999999 0.0
-1.6 -0.3999999999999999 0.0
-1.4666666666666668 -0.3999999999999999 0.0
-1.3333333333333335 -0.3999999999999999 0.0
-1.2 -0.3999999999999999 0.0
-1.0666666666666667 -0.3999999999999999 0.0
-0.9333333333333333 -0.3999999999999999 0.0
-0.8 -0.3999999999999999 0.0
-0.6666666666666667 -0.3999999999999999 0.0
-0.5333333333333334 -0.3999999999999999 0.0
-0.3999999999999999 -0.3999999999999999 0.0
-0.2666666666666666 -0.3999999999999999 0.0
-0.1333333333333333 -0.3999999999999999 0.0
0.0 -0.3999999999999999 0.0
0.1333333333333333 -0.3999999999999999 0.0
0.2666666666666666 -0.3999999999999999 0.0
0.3999999999999999 -0.3999999999999999 0.0
0.5333333333333332 -0.3999999999999999 0.0
0.6666666666666665 -0.3999999999999999 0.0
0.7999999999999998 -0.3999999999999999 0.0
0.9333333333333331 -0.3999999999999999 0.0
1.0666666666666664 -0.3999999999999999 0.0
1.2000000000000002 -0.3999999999999999 0.0
1.3333333333333335 -0.3999999999999999 0.0
1.4666666666666668 -0.3999999999999999 0.0
1.6 -0.3999999999999999 0.0
1.7333333333333334 -0.3999999999999999 0.0
1.8666666666666667 -0.3999999999999999 0.0
2.0 -0.3999999999999999 0.0
-2.0 -0.2666666666666666 0.0
-1.8666666666666667 -0.2666666666666666 0.0
-1.7333333333333334 -0.2666666666666666 0.0
-1.6 -0.2666666666666666 0.0
-1.4666666666666668 -0.2666666666666666 0.0
-1.3333333333333335 -0.2666666666666666 0.0
-1.2 -0.2666666666666666 0.0
-1.0666666666666667 -0.2666666666666666 0.0
-0.9333333333333333 -0.2666666666666666 0.0
-0.8 -0.2666666666666666 0.0
-0.6666666666666667 -0.2666666666666666 0.0
-0.5333333333333334 -0.2666666666666666 0.0
-0.3999999999999999 -0.2666666666666666 0.0
-0.2666666666666666 -0.2666666666666666 0.0
-0.1333333333333333 -0.2666666666666666 0.0
0.0 -0.2666666666666666 0.0
0.1333333333333333 -0.2666666666666666 0.0
0.2666666666666666 -0.2666666666666666 0.0
0.3999999999999999 -0.2666666666666666 0.0
0.5333333333333332 -0.2666666666666666 0.0
0.6666666666666665 -0.2666666666666666 0.0
0.7999999999999998 -0.2666666666666666 0.0
0.9333333333333331 -0.2666666666666666 0.0
1.0666666666666664 -0.2666666666666666 0.0
1.2000000000000002 -0.2666666666666666 0.0
1.3333333333333335 -0.2666666666666666 0.0
1.4666666666666668 -0.2666666666666666 0.0
1.6 -0.2666666666666666 0.0
1.7333333333333334 -0.2666666666666666 0.0
1.8666666666666667 -0.2666666666666666 0.0
2.0 -0.2666666666666666 0.0
-2.0 -0.1333333333333333 0.0
-1.8666666666666667 -0.1333333333333333 0.0
-1.7333333333333334 -0.1333333333333333 0.0
-1.6 -0.1333333333333333 0.0
-1.4666666666666668 -0.1333333333333333 0.0
-1.3333333333333335 -0.1333333333333333 0.0
-1.2 -0.1333333333333333 0.0
-1.0666666666666667 -0.1333333333333333 0.0
-0.9333333333333333 -0.1333333333333333 0.0
-0.8 -0.1333333333333333 0.0
-0.6666666666666667 -0.1333333333333333 0.0
-0.5333333333333334 -0.1333333333333333 0.0
-0.3999999999999999 -0.1333333333333333 0.0
-0.2666666666666666 -0.1333333333333333 0.0
-0.1333333333333333 -0.1333333333333333 0.0
0.0 -0.1333333333333333 0.0
0.1333333333333333 -0.1333333333333333 0.0
0.2666666666666666 -0.1333333333333333 0.0
0.3999999999999999 -0.1333333333333333 0.0
0.5333333333333332 -0.1333333333333333 0.0
0.6666666666666665 -0.1333333333333333 0.0
0.7999999999999998 -0.1333333333333333 0.0
0.9333333333333331 -0.1333333333333333 0.0
1.0666666666666664 -0.1333333333333333 0.0
1.2000000000000002 -0.1333333333333333 0.0
1.3333333333333335 -0.1333333333333333 0.0
1.4666666666666668 -0.1333333333333333 0.0
1.6 -0.1333333333333333 0.0
1.7333333333333334 -0.1333333333333333 0.0
1.8666666666666667 -0.1333333333333333 0.0
2.0 -0.1333333333333333 0.0
-2.0 0.0 0.0
-1.8666666666666667 0.0 0.0
-1.7333333333333334 0.0 0.0
-1.6 0.0 0.0
-1.4666666666666668 0.0 0.0
-1.3333333333333335 0.0 0.0
-1.2 0.0 0.0
-1.0666666666666667 0.0 0.0
-0.9333333333333333 0.0 0.0
-0.8 0.0 0.0
-0.6666666666666667 0.0 0.0
-0.5333333333333334 0.0 0.0
-0.3999999999999999 0.0 0.0
-0.2666666666666666 0.0 0.0
-0.1333333333333333 0.0 0.0
0.0 0.0 0.0
0.1333333333333333 0.0 0.0
0.2666666666666666 0.0 0.0
0.3999999999999999 0.0 0.0
0.5333333333333332 0.0 0.0
0.6666666666666665 0.0 0.0
0.7999999999999998 0.0 0.0
0.9333333333333331 0.0 0.0
1.0666666666666664 0.0 0.0
1.2000000000000002 0.0 0.0
1.3333333333333335 0.0 0.0
1.4666666666666668 0.0 0.0
1.6 0.0 0.0
1.7333333333333334 0.0 0.0
1.8666666666666667 0.0 0.0
2.0 0.0 0.0
-2.0 0.1333333333333333 0.0
-1.8666666666666667 0.1333333333333333 0.0
-1.7333333333333334 0.1333333333333333 0.0
-1.6 0.1333333333333333 0.0
-1.4666666666666668 0.1333333333333333 0.0
-1.3333333333333335 0.1333333333333333 0.0
-1.2 0.1333333333333333 0.0
-1.0666666666666667 0.1333333333333333 0.0
-0.9333333333333333 0.1333333333333333 0.0
-0.8 0.1333333333333333 0.0
-0.6666666666666667 0.1333333333333333 0.0
-0.5333333333333334 0.1333333333333333 0.0
-0.3999999999999999 0.1333333333333333 0.0
-0.2666666666666666 0.1333333333333333 0.0
-0.1333333333333333 0.1333333333333333 0.0
0.0 0.1333333333333333 0.0
0.1333333333333333 0.1333333333333333 0.0
0.2666666666666666 0.1333333333333333 0.0
0.3999999999999999 0.1333333333333333 0.0
0.5333333333333332 0.1333333333333333 0.0
0.6666666666666665 0.1333333333333333 0.0
0.7999999999999998 0.1333333333333333 0.0
0.9333333333333331 0.1333333333333333 0.0
1.0666666666666664 0.1333333333333333 0.0
1.2000000000000002 0.1333333333333333 0.0
1.3333333333333335 0.1333333333333333 0.0
1.4666666666666668 0.1333333333333333 0.0
1.6 0.1333333333333333 0.0
1.7333333333333334 0.1333333333333333 0.0
1.8666666666666667 0.1333333333333333 0.0
2.0 0.1333333333333333 0.0
-2.0 0.2666666666666666 0.0
-1.8666666666666667 0.2666666666666666 0.0
-1.7333333333333334 0.2666666666666666 0.0
-1.6 0.2666666666666666 0.0
-1.4666666666666668 0.2666666666666666 0.0
-1.3333333333333335 0.2666666666666666 0.0
-1.2 0.2666666666666666 0.0
-1.0666666666666667 0.2666666666666666 0.0
-0.9333333333333333 0.2666666666666666 0.0
-0.8 0.2666666666666666 0.0
-0.6666666666666667 0.2666666666666666 0.0
-0.5333333333333334 0.2666666666666666 0.0
-0.3999999999999999 0.2666666666666666 0.0
-0.2666666666666666 0.2666666666666666 0.0
-0.1333333333333333 0.2666666666666666 0.0
0.0 0.2666666666666666 0.0
0.1333333333333333 0.2666666666666666 0.0
0.2666666666666666 0.2666666666666666 0.0
0.3999999999999999 0.2666666666666666 0.0
0.5333333333333332 0.2666666666666666 0.0
0.6666666666666665 0.2666666666666666 0.0
0.7999999999999998 0.2666666666666666 0.0
0.9333333333333331 0.2666666666666666 0.0
1.0666666666666664 0.2666666666666666 0.0
1.2000000000000002 0.2666666666666666 0.0
1.3333333333333335 0.2666666666666666 0.0
1.4666666666666668 0.2666666666666666 0.0
1.6 0.2666666666666666 0.0
1.7333333333333334 0.2666666666666666 0.0
1.8666666666666667 0.2666666666666666 0.0
2.0 0.2666666666666666 0.0
-2.0 0.3999999999999999 0.0
-1.8666666666666667 0.3999999999999999 0.0
-1.7333333333333334 0.3999999999999999 0.0
-1.6 0.3999999999999999 0.0
-1.4666666666666668 0.3999999999999999 0.0
-1.3333333333333335 0.3999999999999999 0.0
-1.2 0.3999999999999999 0.0
-1.0666666666666667 0.3999999999999999 0.0
-0.9333333333333333 0.3999999999999999 0.0
-0.8 0.3999999999999999 0.0
-0.6666666666666667 0.3999999999999999 0.0
-0.5333333333333334 0.3999999999999999 0.0
-0.3999999999999999 0.3999999999999999 0.0
-0.2666666666666666 0.3999999999999999 0.0
-0.1333333333333333 0.3999999999999999 0.0
0.0 0.3999999999999999 0.0
0.1333333333333333 0.3999999999999999 0.0
0.2666666666666666 0.3999999999999999 0.0
0.3999999999999999 0.3999999999999999 0.0
0.5333333333333332 0.3999999999999999 0.0
0.6666666666666665 0.3999999999999999 0.0
0.7999999999999998 0.3999999999999999 0.0
0.9333333333333331 0.3999999999999999 0.0
1.0666666666666664 0.3999999999999999 0.0
1.2000000000000002 0.3999999999999999 0.0
1.3333333333333335 0.3999999999999999 0.0
1.4666666666666668 0.3999999999999999 0.0
1.6 0.3999999999999999 0.0
1.7333333333333334 0.3999999999999999 0.0
1.8666666666666667 0.3999999999999999 0.0
2.0 0.3999999999999999 0.0
-2.0 0.5333333333333332 0.0
-1.8666666666666667 0.5333333333333332 0.0
-1.7333333333333334 0.5333333333333332 0.0
-1.6 0.5333333333333332 0.0
-1.4666666666666668 0.5333333333333332 0.0
-1.3333333333333335 0.5333333333333332 0.0
-1.2 0.5333333333333332 0.0
-1.0666666666666667 0.5333333333333332 0.0
-0.9333333333333333 0.5333333333333332 0.0
-0.8 0.5333333333333332 0.0
-0.6666666666666667 0.5333333333333332 0.0
-0.5333333333333334 0.5333333333333332 0.0
-0.3999999999999999 0.5333333333333332 0.0
-0.2666666666666666 0.5333333333333332 0.0
-0.1333333333333333 0.5333333333333332 0.0
0.0 0.5333333333333332 0.0
0.1333333333333333 0.5333333333333332 0.0
0.2666666666666666 0.5333333333333332 0.0
0.3999999999999999 0.5333333333333332 0.0
0.5333333333333332 0.5333333333333332 0.0
0.6666666666666665 0.5333333333333332 0.0
0.7999999999999998 0.5333333333333332 0.0
0.9333333333333331 0.5333333333333332 0.0
1.0666666666666664 0.5333333333333332 0.0
1.2000000000000002 0.5333333333333332 0.0
1.3333333333333335 0.5333333333333332 0.0
1.4666666666666668 0.5333333333333332 0.0
1.6 0.5333333333333332 0.0
1.7333333333333334 0.5333333333333332 0.0
1.8666666666666667 0.5333333333333332 0.0
2.0 0.5333333333333332 0.0
-2.0 0.6666666666666665 0.0
-1.8666666666666667 0.6666666666666665 0.0
-1.7333333333333334 0.6666666666666665 0.0
-1.6 0.6666666666666665 0.0
-1.4666666666666668 0.6666666666666665 0.0
-1.3333333333333335 0.6666666666666665 0.0
-1.2 0.6666666666666665 0.0
-1.0666666666666667 0.6666666666666665 0.0
-0.9333333333333333 0.6666666666666665 0.0
-0.8 0.6666666666666665 0.0
-0.6666666666666667 0.6666666666666665 0.0
-0.5333333333333334 0.6666666666666665 0.0
-0.3999999999999999 0.6666666666666665 0.0
-0.2666666666666666 0.6666666666666665 0.0
-0.1333333333333333 0.6666666666666665 0.0
0.0 0.6666666666666665 0.0
0.1333333333333333 0.6666666666666665 0.0
0.2666666666666666 0.6666666666666665 0.0
0.3999999999999999 0.6666666666666665 0.0
0.5333333333333332 0.6666666666666665 0.0
0.6666666666666665 0.6666666666666665 0.0
0.7999999999999998 0.6666666666666665 0.0
0.9333333333333331 0.6666666666666665 0.0
1.0666666666666664 0.6666666666666665 0.0
1.2000000000000002 0.6666666666666665 0.0
1.3333333333333335 0.6666666666666665 0.0
1.4666666666666668 0.6666666666666665 0.0
1.6 0.6666666666666665 0.0
1.7333333333333334 0.6666666666666665 0.0
1.8666666666666667 0.6666666666666665 0.0
2.0 0.6666666666666665 0.0
-2.0 0.7999999999999998 0.0
-1.8666666666666667 0.7999999999999998 0.0
-1.7333333333333334 0.7999999999999998 0.0
-1.6 0.7999999999999998 0.0
-1.4666666666666668 0.7999999999999998 0.0
-1.3333333333333335 0.7999999999999998 0.0
-1.2 0.7999999999999998 0.0
-1.0666666666666667 0.7999999999999998 0.0
-0.9333333333333333 0.7999999999999998 0.0
-0.8 0.7999999999999998 0.0
-0.6666666666666667 0.7999999999999998 0.0
-0.5333333333333334 0.7999999999999998 0.0
-0.3999999999999999 0.7999999999999998 0.0
-0.2666666666666666 0.7999999999999998 0.0
-0.1333333333333333 0.7999999999999998 0.0
0.0 0.7999999999999998 0.0
0.1333333333333333 0.7999999999999998 0.0
0.2666666666666666 0.7999999999999998 0.0
0.3999999999999999 0.7999999999999998 0.0
0.5333333333333332 0.7999999999999998 0.0
0.6666666666666665 0.7999999999999998 0.0
0.7999999999999998 0.7999999999999998 0.0
0.9333333333333331 0.7999999999999998 0.0
1.0666666666666664 0.7999999999999998 0.0
1.2000000000000002 0.7999999999999998 0.0
1.3333333333333335 0.7999999999999998 0.0
1.4666666666666668 0.7999999999999998 0.0
1.6 0.7999999999999998 0.0
1.7333333333333334 0.7999999999999998 0.0
1.8666666666666667 0.7999999999999998 0.0
2.0 0.7999999999999998 0.0
-2.0 0.9333333333333331 0.0
-1.8666666666666667 0.9333333333333331 0.0
-1.7333333333333334 0.9333333333333331 0.0
-1.6 0.9333333333333331 0.0
-1.4666666666666668 0.9333333333333331 0.0
-1.3333333333333335 0.9333333333333331 0.0
-1.2 0.9333333333333331 0.0
-1.0666666666666667 0.9333333333333331 0.0
-0.9333333333333333 0.9333333333333331 0.0
-0.8 0.9333333333333331 0.0
-0.6666666666666667 0.9333333333333331 0.0
-0.5333333333333334 0.9333333333333331 0.0
-0.3999999999999999 0.9333333333333331 0.0
-0.2666666666666666 0.9333333333333331 0.0
-0.1333333333333333 0.9333333333333331 0.0
0.0 0.9333333333333331 0.0
0.1333333333333333 0.9333333333333331 0.0
0.2666666666666666 0.9333333333333331 0.0
0.3999999999999999 0.9333333333333331 0.0
0.5333333333333332 0.9333333333333331 0.0
0.6666666666666665 0.9333333333333331 0.0
0.7999999999999998 0.9333333333333331 0.0
0.9333333333333331 0.9333333333333331 0.0
1.0666666666666664 0.9333333333333331 0.0
1.2000000000000002 0.9333333333333331 0.0
1.3333333333333335 0.9333333333333331 0.0
1.4666666666666668 0.9333333333333331 0.0
1.6 0.9333333333333331 0.0
1.7333333333333334 0.9333333333333331 0.0
1.8666666666666667 0.9333333333333331 0.0
2.0 0.9333333333333331 0.0
-2.0 1.0666666666666664 0.0
-1.8666666666666667 1.0666666666666664 0.0
-1.7333333333333334 1.0666666666666664 0.0
-1.6 1.0666666666666664 0.0
-1.4666666666666668 1.0666666666666664 0.0
-1.3333333333333335 1.0666666666666664 0.0
-1.2 1.0666666666666664 0.0
-1.0666666666666667 1.0666666666666664 0.0
-0.9333333333333333 1.0666666666666664 0.0
-0.8 1.0666666666666664 0.0
-0.6666666666666667 1.0666666666666664 0.0
-0.5333333333333334 1.0666666666666664 0.0
-0.3999999999999999 1.0666666666666664 0.0
-0.2666666666666666 1.0666666666666664 0.0
-0.1333333333333333 1.0666666666666664 0.0
0.0 1.0666666666666664 0.0
0.1333333333333333 1.0666666666666664 0.0
0.2666666666666666 1.0666666666666664 0.0
0.3999999999999999 1.0666666666666664 0.0
0.5333333333333332 1.0666666666666664 0.0
0.6666666666666665 1.0666666666666664 0.0
0.7999999999999998 1.0666666666666664 0.0
0.9333333333333331 1.0666666666666664 0.0
1.0666666666666664 1.0666666666666664 0.0
1.2000000000000002 1.0666666666666664 0.0
1.3333333333333335 1.0666666666666664 0.0
1.4666666666666668 1.0666666666666664 0.0
1.6 1.0666666666666664 0.0
1.7333333333333334 1.0666666666666664 0.0
1.8666666666666667 1.0666666666666664 0.0
2.0 1.0666666666666664 0.0
-2.0 1.2000000000000002 0.0
-1.8666666666666667 1.2000000000000002 0.0
-1.7333333333333334 1.2000000000000002 0.0
-1.6 1.2000000000000002 0.0
-1.4666666666666668 1.2000000000000002 0.0
-1.3333333333333335 1.2000000000000002 0.0
-1.2 1.2000000000000002 0.0
-1.0666666666666667 1.2000000000000002 0.0
-0.9333333333333333 1.2000000000000002 0.0
-0.8 1.2000000000000002 0.0
-0.6666666666666667 1.2000000000000002 0.0
-0.5333333333333334 1.2000000000000002 0.0
-0.3999999999999999 1.2000000000000002 0.0
-0.2666666666666666 1.2000000000000002 0.0
-0.1333333333333333 1.2000000000000002 0.0
0.0 1.2000000000000002 0.0
0.1333333333333333 1.2000000000000002 0.0
0.2666666666666666 1.2000000000000002 0.0
0.3999999999999999 1.2000000000000002 0.0
0.5333333333333332 1.2000000000000002 0.0
0.6666666666666665 1.2000000000000002 0.0
0.7999999999999998 1.2000000000000002 0.0
0.9333333333333331 1.2000000000000002 0.0
1.0666666666666664 1.2000000000000002 0.0
1.2000000000000002 1.2000000000000002 0.0
1.3333333333333335 1.2000000000000002 0.0
1.4666666666666668 1.2000000000000002 0.0
1.6 1.2000000000000002 0.0
1.7333333333333334 1.2000000000000002 0.0
1.8666666666666667 1.2000000000000002 0.0
2.0 1.2000000000000002 0.0
-2.0 1.3333333333333335 0.0
-1.8666666666666667 1.3333333333333335 0.0
-1.7333333333333334 1.3333333333333335 0.0
-1.6 1.3333333333333335 0.0
-1.4666666666666668 1.3333333333333335 0.0
-1.3333333333333335 1.3333333333333335 0.0
-1.2 1.3333333333333335 0.0
-1.0666666666666667 1.3333333333333335 0.0
-0.9333333333333333 1.3333333333333335 0.0
-0.8 1.3333333333333335 0.0
-0.6666666666666667 1.3333333333333335 0.0
-0.5333333333333334 1.3333333333333335 0.0
-0.3999999999999999 1.3333333333333335 0.0
-0.2666666666666666 1.3333333333333335 0.0
-0.1333333333333333 1.3333333333333335 0.0
0.0 1.3333333333333335 0.0
0.1333333333333333 1.3333333333333335 0.0
0.2666666666666666 1.3333333333333335 0.0
0.3999999999999999 1.3333333333333335 0.0
0.5333333333333332 1.3333333333333335 0.0
0.6666666666666665 1.3333333333333335 0.0
0.7999999999999998 1.3333333333333335 0.0
0.9333333333333331 1.3333333333333335 0.0
1.0666666666666664 1.3333333333333335 0.0
1.2000000000000002 1.3333333333333335 0.0
1.3333333333333335 1.3333333333333335 0.0
1.4666666666666668 1.3333333333333335 0.0
1.6 1.3333333333333335 0.0
1.7333333333333334 1.3333333333333335 0.0
1.8666666666666667 1.3333333333333335 0.0
2.0 1.3333333333333335 0.0
-2.0 1.4666666666666668 0.0
-1.8666666666666667 1.4666666666666668 0.0
-1.7333333333333334 1.4666666666666668 0.0
-1.6 1.4666666666666668 0.0
-1.4666666666666668 1.4666666666666668 0.0
-1.3333333333333335 1.4666666666666668 0.0
-1.2 1.4666666666666668 0.0
-1.0666666666666667 1.4666666666666668 0.0
-0.9333333333333333 1.4666666666666668 0.0
-0.8 1.4666666666666668 0.0
-0.6666666666666667 1.4666666666666668 0.0
-0.5333333333333334 1.4666666666666668 0.0
-0.3999999999999999 1.4666666666666668 0.0
-0.2666666666666666 1.4666666666666668 0.0
-0.1333333333333333 1.4666666666666668 0.0
0.0 1.4666666666666668 0.0
0.1333333333333333 1.4666666666666668 0.0
0.2666666666666666 1.4666666666666668 0.0
0.3999999999999999 1.4666666666666668 0.0
0.5333333333333332 1.4666666666666668 0.0
0.6666666666666665 1.4666666666666668 0.0
0.7999999999999998 1.4666666666666668 0.0
0.9333333333333331 1.4666666666666668 0.0
1.0666666666666664 1.4666666666666668 0.0
1.2000000000000002 1.4666666666666668 0.0
1.3333333333333335 1.4666666666666668 0.0
1.4666666666666668 1.4666666666666668 0.0
1.6 1.4666666666666668 0.0
1.7333333333333334 1.4666666666666668 0.0
1.8666666666666667 1.4666666666666668 0.0
2.0 1.4666666666666668 0.0
-2.0 1.6 0.0
-1.8666666666666667 1.6 0.0
-1.7333333333333334 1.6 0.0
-1.6 1.6 0.0
-1.4666666666666668 1.6 0.0
-1.3333333333333335 1.6 0.0
-1.2 1.6 0.0
-1.0666666666666667 1.6 0.0
-0.9333333333333333 1.6 0.0
-0.8 1.6 0.0
-0.6666666666666667 1.6 0.0
-0.5333333333333334 1.6 0.0
-0.3999999999999999 1.6 0.0
-0.2666666666666666 1.6 0.0
-0.1333333333333333 1.6 0.0
0.0 1.6 0.0
0.1333333333333333 1.6 0.0
0.2666666666666666 1.6 0.0
0.3999999999999999 1.6 0.0
0.5333333333333332 1.6 0.0
0.6666666666666665 1.6 0.0
0.7999999999999998 1.6 0.0
0.9333333333333331 1.6 0.0
1.0666666666666664 1.6 0.0
1.2000000000000002 1.6 0.0
1.3333333333333335 1.6 0.0
1.4666666666666668 1.6 0.0
1.6 1.6 0.0
1.7333333333333334 1.6 0.0
1.8666666666666667 1.6 0.0
2.0 1.6 0.0
-2.0 1.7333333333333334 0.0
-1.8666666666666667 1.7333333333333334 0.0
-1.7333333333333334 1.7333333333333334 0.0
-1.6 1.7333333333333334 0.0
-1.4666666666666668 1.7333333333333334 0.0
-1.3333333333333335 1.7333333333333334 0.0
-1.2 1.7333333333333334 0.0
-1.0666666666666667 1.7333333333333334 0.0
-0.9333333333333333 1.7333333333333334 0.0
-0.8 1.7333333333333334 0.0
-0.6666666666666667 1.7333333333333334 0.0
-0.5333333333333334 1.7333333333333334 0.0
-0.3999999999999999 1.7333333333333334 0.0
-0.2666666666666666 1.7333333333333334 0.0
-0.1333333333333333 1.7333333333333334 0.0
0.0 1.7333333333333334 0.0
0.1333333333333333 1.7333333333333334 0.0
0.2666666666666666 1.7333333333333334 0.0
0.3999999999999999 1.7333333333333334 0.0
0.5333333333333332 1.7333333333333334 0.0
0.6666666666666665 1.7333333333333334 0.0
0.7999999999999998 1.7333333333333334 0.0
0.9333333333333331 1.7333333333333334 0.0
1.0666666666666664 1.7333333333333334 0.0
1.2000000000000002 1.7333333333333334 0.0
1.3333333333333335 1.7333333333333334 0.0
1.4666666666666668 1.7333333333333334 0.0
1.6 1.7333333333333334 0.0
1.7333333333333334 1.7333333333333334 0.0
1.8666666666666667 1.7333333333333334 0.0
2.0 1.7333333333333334 0.0
-2.0 1.8666666666666667 0.0
-1.8666666666666667 1.8666666666666667 0.0
-1.7333333333333334 1.8666666666666667 0.0
-1.6 1.8666666666666667 0.0
-1.4666666666666668 1.8666666666666667 0.0
-1.3333333333333335 1.8666666666666667 0.0
-1.2 1.8666666666666667 0.0
-1.0666666666666667 1.8666666666666667 0.0
-0.9333333333333333 1.8666666666666667 0.0
-0.8 1.8666666666666667 0.0
-0.6666666666666667 1.8666666666666667 0.0
-0.5333333333333334 1.8666666666666667 0.0
-0.3999999999999999 1.8666666666666667 0.0
-0.2666666666666666 1.8666666666666667 0.0
-0.1333333333333333 1.8666666666666667 0.0
0.0 1.8666666666666667 0.0
0.1333333333333333 1.8666666666666667 0.0
0.2666666666666666 1.8666666666666667 0.0
0.3999999999999999 1.8666666666666667 0.0
0.5333333333333332 1.8666666666666667 0.0
0.6666666666666665 1.8666666666666667 0.0
0.7999999999999998 1.8666666666666667 0.0
0.9333333333333331 1.8666666666666667 0.0
1.0666666666666664 1.8666666666666667 0.0
1.2000000000000002 1.8666666666666667 0.0
1.3333333333333335 1.8666666666666667 0.0
1.4666666666666668 1.8666666666666667 0.0
1.6 1.8666666666666667 0.0
1.7333333333333334 1.8666666666666667 0.0
1.8666666666666667 1.8666666666666667 0.0
2.0 1.8666666666666667 0.0
-2.0 2.0 0.0
-1.8666666666666667 2.0 0.0
-1.7333333333333334 2.0 0.0
-1.6 2.0 0.0
-1.4666666666666668 2.0 0.0
-1.3333333333333335 2.0 0.0
-1.2 2.0 0.0
-1.0666666666666667 2.0 0.0
-0.9333333333333333 2.0 0.0
-0.8 2.0 0.0
-0.6666666666666667 2.0 0.0
-0.5333333333333334 2.0 0.0
-0.3999999999999999 2.0 0.0
-0.2666666666666666 2.0 0.0
-0.1333333333333333 2.0 0.0
0.0 2.0 0.0
0.1333333333333333 2.0 0.0
0.2666666666666666 2.0 0.0
0.3999999999999999 2.0 0.0
0.5333333333333332 2.0 0.0
0.6666666666666665 2.0 0.0
0.7999999999999998 2.0 0.0
0.9333333333333331 2.0 0.0
1.0666666666666664 2.0 0.0
1.2000000000000002 2.0 0.0
1.3333333333333335 2.0 0.0
1.4666666666666668 2.0 0.0
1.6 2.0 0.0
1.7333333333333334 2.0 0.0
1.8666666666666667 2.0 0.0
2.0 2.0 0.0